23,11,12,32,4,1,6,7,3,12,16,23,34,0,2,
34,4,3,2,5,15,19,20,17,14,34,0,2,34,4,
3,2,5,15,19,20,17,14,34,0,2,34,4,3,2,
5,15,19,20,17,14,2,5,15,19,20,17,14,34,
0,2,34,20,17,14,2,5,15,19,20,17,14,34,
0,2,34,23,11,12,32,4,1,6,7,3,12,16,34,
4,3,2,5,15,19,20,17,14,34,0,2,34,4,3,2,
5,15,19,20,17,14,2,5,15,19,20,17,14,34,0,
2,34,16,23,34,0,2,34,4,3,2,5,15,19,20,17,14,
34,0,2,34,4,3,2,5,15,19,20,17,2,34,20,17,14,
2,5,15,19,20,17,14,34,0,2,34,23,11,12,32,
4,1,6,7,3,12,16,34,4,3,2,5,15,19,20,17,14,
34,0,2,34,4,3,2,5,2,34,20,17,14,2,5,15,19,
20,17,14,34,0,2,34,23,11,12,32,4,1,6,7,3,12,
16,34,4,3,2,5,15,19,20,17,14,34,0,2,34,4,3,
2,5,15,19,20,17,14,2,5,15,19,20,17,14,34,0,
2,34,16,23,34,0,2,34,4,3,2,5,15,19,20,15,19,
20,17,14,2,5,15,19,20,17,14,34,0,2,34,20,17,
14,2,5,15,19,20,17,14,34,0,2,34,23,11,12,32,
4,1,6,7,3,12,16,34,4,3,2,5,15,19,20,17,14,
34,0,2,34,4,3,2,5,15,19,20,17,14,2,5,15,19,
20,17,14,34,0,2,34,16,23,34,0,2,34,4,3,2,5,
15,19,20,2,34,23,11,12,32,4,1,6,7,3,12,16,
34,4,3,2,5,15,19,20,17,14,34,0,2,34,4,3,2,
5,2,34,20,17,14,2,5,15,19,20,17,14,34,0,2,
34,23,11,12,32,4,1,6,7,3,12,16,34,4,3,2,5,
15,19,20,17,14,34,0,2,34,4,3,2,5,15,19,20,
17,14,2,5,15,19,20,17,14,34,0,2,34,16,23,
34,0,2,34,4,3,2,5,15,19,20,15,19,20,17,14,
2,5,15,19,20,17,14,34,0,2,34,20,17,14,2,5,
15,19,20,17,14,34,0,2,34,20,17,14,2,5,15,
19,20,17,14,34,0,2,34,23,11,12,32,4,1,6,
7,3,12,16,34,4,3,2,5,15,19,20,17,14,34,
0,2,34,4,3,2,5,15,19,20,17,14,2,5,15,19,
20,17,14,34,0,2,34,16,23,34,0,2,34,4,3,
2,5,15,19,20,15,19,20,17,14,2,5,15,19,
20,17,14,34,0,2,34,20,17,14,2,5,15,19,
20,17,14,34,0,2,34,23,11,12,32,4,1,6,7,
3,12,16,34,4,15,19,20,17,14,2,5,15,19,
20,17,14,34,0,2,34,16,23,34,0,2,34,4,3,
2,5,15,19,20,15,19,20,17,14,2,5,15,19,
20,17,14,34,0,2,34,20,17,14,2,5,15,19,
20,17,14,34,0,2,34,23,11,12,32,4,1,6,
7,3,12,16,34,4,3,2,5,15,19,20,17,14,
4,0,2,34,4,3,2,5,15,19,20,17,14,2,5,
15,19,20,17,14,34,0,2,34,16,23,34,0,
2,34,4,3,2,5,15,19,20,2,34,23,11,12,
32,4,1,6,7,3,12,16,34,4,3,2,5,15,19,20,
17,14,34,0,2,34,4,3,2,5,2,34,20,17,14,2,
5,15,19,20,17,14,34,0,15,19,20,17,14,2,
5,15,19,20,17,14,34,0,2,34,20,17,14,2,5,
15,19,20,17,14,34,0,2,34,23,11,12,32,4,1,
6,7,3,12,16,34,4,3,2,5,15,19,20,17,14,34,
0,2,34,4,3,2,5,15,19,20,17,14,2,5,15,19,
20,17,14,34,0,2,34,16,23,34,0,2,34,4,3,
2,5,15,19,20,17,14,34,0,2,34,4,3,2,5,15,
19,20,17,2,34,20,17,14,2,5,15,19,20,17,
14,34,0,2,34,23,11,12,32,4,1,6,7,3,12,16,
34,4,3,2,5,15,19,20,17,14,34,0,2,34,4,3,2,5,